21224 43173
8197 27441
15274 19537
7664 11428
19311 9746
7706 8978
4246 8599
14123 8170
3948 7131
10925 6806
12772 6286
21097 6062
16512 5892
12617 5886
1027 5881
19421 5706
11123 5684
159 5519
3166 5255
4846 4964
4216 4894
2699 4594
6102 4512
16046 4324
9391 4255
10789 4130
5163 3829
7384 3729
17145 3641
16712 3540
18826 3481
2128 3448
13751 3393
15822 3287
10609 3286
18538 3272
16496 3231
5025 3208
2034 3137
17597 3120
20027 3004
15345 2934
2819 2891
1856 2878
19006 2846
2289 2836
11255 2813
20583 2811
6754 2795
17219 2763
17565 2749
20451 2705
20170 2669
20743 2637
11664 2628
14077 2625
13552 2588
4859 2577
3452 2544
9779 2520
19302 2517
14477 2515
14126 2432
12943 2432
17166 2400
17186 2350
13513 2326
3253 2320
2379 2316
10341 2306
17325 2281
3277 2273
20958 2265
16980 2265
1819 2260
4104 2254
11068 2240
14937 2232
3445 2213
19285 2206
17681 2203
16201 2134
2969 2114
13519 2114
13781 2103
16805 2103
7938 2085
18158 2075
3009 2071
19215 2062
6967 2040
20359 2037
3545 2035
20620 2013
8649 2003
14091 2000
4106 1976
2649 1956
14459 1941
14499 1938
19365 1938
15556 1926
12062 1906
13670 1891
18199 1886
17083 1883
1668 1875
567 1867
17225 1866
1961 1840
14747 1812
1886 1811
19936 1805
10455 1730
16929 1723
11188 1717
9007 1714
19184 1700
11642 1691
16806 1690
15426 1683
6642 1678
15020 1674
9088 1671
882 1660
954 1632
13553 1628
3988 1627
15788 1612
17592 1593
4921 1581
7747 1580
16688 1572
6196 1572
6000 1570
19832 1529
7106 1526
6254 1512
16374 1509
6303 1503
46 1502
6006 1498
13862 1496
4779 1482
4688 1470
13940 1470
4718 1463
18571 1462
2658 1460
7105 1456
20573 1447
9906 1437
14978 1431
6522 1429
20859 1406
8387 1388
15060 1385
8487 1374
16654 1367
13494 1365
15582 1365
17667 1362
5863 1355
1173 1352
4758 1351
8617 1336
13426 1326
11033 1321
10092 1320
11806 1317
14244 1304
19675 1303
12302 1293
17964 1284
2240 1275
6437 1275
18705 1270
10627 1263
11581 1256
17337 1255
6112 1253
9199 1252
13309 1251
5379 1251
6991 1249
12851 1247
16113 1227
8379 1221
8217 1220
2250 1212
4387 1206
9732 1198
586 1197
4948 1196
2003 1189
14360 1188
19425 1185
5808 1178
7047 1177
9887 1174
14478 1167
20279 1166
17348 1166
4929 1162
5759 1162
6478 1154
15785 1154
13614 1151
9954 1151
13487 1150
15762 1148
17304 1145
10072 1141
537 1140
15140 1140
1223 1133
3424 1133
14812 1126
11924 1126
3083 1122
19934 1119
19638 1114
7251 1111
8373 1107
11122 1107
5391 1106
7990 1100
1847 1099
968 1095
6051 1091
17622 1088
533 1084
3647 1078
3191 1077
20600 1067
1965 1063
14199 1031
1984 1028
5908 1025
14867 1021
17427 1010
23 1009
4703 1007
7501 1006
20813 992
4190 988
15034 982
10158 979
16435 979
10223 978
6625 978
7438 975
7379 975
11972 965
4886 965
7649 964
14132 963
12172 963
16546 962
16362 956
204 956
12266 951
18288 951
16419 949
17808 948
2557 946
5190 946
19616 945
9701 944
12751 940
3028 937
3380 931
17759 927
7230 924
17370 922
13821 919
9433 918
19453 913
17047 907
12610 906
19258 904
6299 902
3133 896
2680 887
2797 883
3061 881
9005 877
3047 876
20815 873
10690 871
11103 871
13040 871
9211 862
3738 862
10841 859
4616 855
14358 855
8572 853
10571 853
58 853
1353 851
10037 850
20808 850
8489 847
15492 847
695 844
19061 842
13248 837
14498 836
6484 835
5966 835
6255 834
8505 832
962 824
20544 822
6306 822
511 816
19864 813
16885 812
2483 811
20201 808
19877 805
5870 803
4808 801
15718 795
10512 794
18850 794
16327 793
2643 793
11746 789
20684 787
18053 781
9460 779
4223 776
14253 775
18799 775
4954 774
4243 769
18736 768
13529 766
12607 760
15964 759
14277 755
18802 752
18496 750
10870 746
8344 745
5626 730
15462 726
17600 722
9442 720
10536 718
19120 717
15692 716
6181 713
5985 711
6312 710
11990 709
16093 707
6384 706
4077 704
2702 702
400 697
3809 693
6040 693
4988 687
2041 685
11331 683
15287 682
6891 679
13159 677
10516 673
19127 672
1519 668
1488 668
10920 667
18620 662
2869 660
3421 660
16979 659
4204 655
17735 655
2896 655
8041 652
17732 645
10399 645
7040 644
14640 642
5797 639
17457 639
10938 639
2256 638
16816 637
5930 634
17789 630
17126 629
13129 628
17516 627
17773 626
12911 623
4935 616
8064 614
13711 613
19315 613
9942 612
21125 606
9679 604
10777 603
709 599
14790 598
13696 598
19618 597
19853 594
875 593
9186 593
21131 593
497 591
971 591
18038 590
17624 588
15428 587
4513 584
8885 584
2161 583
19356 583
13664 582
2771 580
18097 577
15041 576
8808 574
17159 572
4840 568
6329 568
10427 567
297 566
14313 562
13170 561
4750 558
3999 557
18952 557
19851 554
9187 551
8952 549
11043 548
6258 548
12721 548
17359 545
9267 543
18102 542
5368 542
6135 541
4244 536
12540 535
2764 535
9180 535
11543 533
14722 532
20148 532
7020 530
14564 528
7069 527
16623 525
11735 521
6733 521
3441 520
11685 518
10903 518
14346 517
15259 516
5810 515
6623 515
18781 515
10247 512
19907 511
7659 511
5026 511
13924 510
15574 508
5557 508
15033 508
5635 508
7380 507
9233 507
11743 504
8038 504
10619 500
9254 500
13550 500
861 500
12469 497
17031 495
11167 494
4250 494
16498 494
3768 494
20611 492
17851 491
11385 489
19529 488
18016 488
10869 487
9860 486
14903 485
8467 484
4570 482
974 480
19429 479
7199 474
927 473
2438 471
13046 471
10520 471
6600 470
9933 468
6471 467
8428 467
15324 464
160 462
14033 461
6463 460
12788 458
11996 455
10270 454
1866 453
14658 449
16873 446
15712 443
14582 441
13317 439
7942 439
2709 439
10332 439
11553 439
8715 438
7523 438
3786 438
12093 437
5390 437
19172 436
7420 429
1033 428
1457 428
14675 427
21145 427
6682 426
14523 425
8141 425
10965 424
11530 424
20048 424
10083 420
2485 420
2432 419
2849 418
19134 418
15655 418
18094 417
20129 417
132 416
1250 415
17831 414
17281 413
6068 412
6858 412
18173 412
13146 411
14286 409
21115 409
19234 408
17506 405
286 404
15212 403
3248 401
21195 401
14422 401
19977 399
659 398
5332 398
19415 397
12643 397
14803 395
15799 390
9473 389
10729 389
9312 387
20667 387
6201 387
12252 387
4864 387
2641 386
14169 386
12299 384
11249 383
4581 382
7232 381
5156 381
8523 381
11605 380
1032 380
959 380
13004 380
16722 379
5067 374
19807 374
8112 374
4273 373
10075 373
11384 373
6164 372
17682 372
6850 372
13968 370
18282 368
15025 367
19813 366
15838 366
12333 361
5815 360
9452 357
8179 356
4350 355
3510 354
6086 354
15372 353
7007 353
18962 353
9220 352
984 352
19247 351
19987 350
4275 350
8551 348
20440 347
17409 346
3267 345
18732 344
5736 342
5018 340
9089 339
6174 338
1801 337
2729 337
9350 337
3935 336
4967 336
9629 335
18660 333
18057 332
632 330
6353 330
708 328
19224 327
2242 326
1939 325
20284 324
20790 323
3967 323
18059 323
1514 322
16077 321
9499 320
8691 320
20588 320
20470 319
14796 318
18535 317
19181 316
19752 315
8033 315
17136 313
18393 313
10763 313
6042 313
9221 313
18103 313
9001 311
2203 310
14784 308
16110 307
18659 305
1166 304
17532 303
16288 302
16357 302
11367 302
19534 301
16108 300
19952 300
11329 300
11378 299
20449 299
2974 298
8325 296
3862 296
1911 296
21178 296
4526 296
19828 296
5852 296
18056 296
12164 294
15915 293
3323 292
16369 292
17909 290
8110 290
8077 289
10229 288
20869 288
13582 288
17712 287
6574 287
20224 286
6601 283
9481 282
11431 282
1269 282
9910 281
8317 281
19543 279
17488 278
6839 278
16879 278
17000 277
16789 277
11499 276
9675 274
768 273
19716 273
6005 272
19200 272
4211 271
7700 270
581 269
7917 269
3249 269
1784 269
11133 269
304 266
20372 266
18100 264
717 264
20725 264
11541 261
18988 261
7647 261
1530 260
20168 260
16222 260
16906 259
5008 257
7529 257
19229 256
983 256
2984 255
1581 255
14481 255
1769 255
14839 255
16687 255
9079 254
21215 253
17606 252
3007 251
18958 250
4191 250
9409 249
17475 249
12082 248
14039 248
16217 247
18928 245
2422 244
16105 244
2273 243
8806 242
10134 242
15671 241
7432 240
15468 240
14949 239
19536 239
7820 239
12664 238
11622 238
9405 238
13092 237
6594 237
5457 237
19092 235
10013 234
18341 233
19776 233
6092 232
9401 232
5157 231
9479 230
19665 230
10352 228
5848 228
15920 228
14815 227
9685 227
1884 227
18699 226
15913 226
20365 226
16730 226
16993 225
15950 225
2457 224
19823 224
5616 224
16254 223
3642 222
20411 222
7769 222
10432 222
8868 221
897 220
20298 220
18941 220
9576 219
20035 219
17885 219
15709 219
162 219
1215 219
20827 218
11099 218
13843 217
689 216
18641 216
14085 215
12850 214
12488 214
20138 214
16948 213
6443 212
3976 212
12884 211
1016 211
19074 209
12307 209
16820 208
18403 208
13480 207
15193 207
15580 207
357 207
8814 207
4091 206
3431 205
13534 205
13280 205
10141 203
12666 203
4183 202
16718 202
11487 201
12992 200
670 200
15833 199
3868 199
15673 199
634 198
7755 197
3468 197
14350 197
15594 197
14854 196
7605 196
3970 195
6523 195
6662 194
2361 193
17705 193
15699 193
3043 193
13967 192
17834 192
10545 192
9697 192
10063 191
3625 191
7994 191
9921 191
2473 190
12985 190
10673 190
7096 189
18771 189
3157 189
13002 189
14642 189
10803 189
20247 188
9068 188
1595 188
19735 187
75 187
11250 187
7995 186
9361 185
10807 185
1260 185
16470 184
6130 184
16468 184
17998 183
16195 183
4089 183
13544 182
2076 182
13514 181
11679 181
13135 181
2696 181
4163 180
2830 179
17996 179
8354 178
416 177
8792 176
15875 176
15898 175
2276 175
13767 175
9196 175
3134 175
18101 175
4530 174
16679 174
20691 174
635 174
19370 173
12193 173
13789 173
7629 173
1749 173
9717 173
3295 172
3454 172
4509 172
6930 172
4615 171
10850 170
3486 170
1966 170
15349 170
17019 170
9249 169
16149 169
7111 168
700 168
6706 168
14320 168
607 168
2568 167
11652 167
4114 167
1043 166
18430 166
4528 166
10272 166
17939 166
15612 166
2513 166
4487 165
19592 165
10249 165
20353 164
9730 163
18474 163
1827 163
19204 163
964 162
3343 162
9435 161
4893 161
3888 160
17765 160
8584 160
7272 160
6060 160
8907 159
18318 159
16550 157
18971 156
11659 156
7859 156
31 156
10800 156
18347 156
13593 156
4598 156
13014 156
691 155
6088 155
17797 155
19916 155
6036 154
21052 154
5724 154
20380 154
11689 153
4218 153
20310 153
11310 152
6225 152
5564 151
6422 151
6093 151
4034 150
18372 150
19222 150
19808 150
417 150
6229 149
10524 149
12324 149
18222 149
1969 149
5718 148
14723 148
9279 148
14119 148
14684 148
19972 147
21141 147
10053 147
18830 146
7731 145
1054 145
15874 145
15465 144
11634 143
7684 143
6710 142
6057 141
17430 140
11309 140
6997 140
9600 139
20707 139
5857 139
1046 139
12083 139
4167 138
5647 138
8732 138
5717 138
10000 136
16449 136
8122 136
13221 136
10671 136
19214 136
2052 136
8014 135
18227 135
3873 134
8891 134
19976 134
9661 133
3872 133
1059 133
3682 133
11922 133
7411 133
20821 132
11656 132
7593 132
3310 131
3268 131
542 131
13623 130
13139 130
1278 129
5227 129
17104 129
13753 128
18113 128
2573 128
10985 128
5172 128
9741 127
5537 127
1432 127
20172 126
19517 126
11276 125
11934 125
10699 125
16138 125
12757 125
10226 125
12659 125
18593 124
10765 124
3219 124
4149 124
16341 124
12550 123
6018 123
19479 123
2604 122
8746 122
18128 122
2801 122
18330 122
9234 122
942 121
14428 121
15294 121
10720 121
19570 120
9056 120
5711 120
10635 120
10575 119
19316 119
2135 119
5540 119
11198 119
16199 119
1146 119
7236 118
20732 118
14862 118
9901 117
15596 117
18241 117
364 116
8743 116
10962 116
8154 115
12256 115
17899 115
8333 114
13966 114
20312 113
8734 113
13964 113
9655 112
11612 112
20354 112
12470 112
12541 112
3122 112
241 111
20849 111
12419 111
8358 111
13449 111
2492 110
16908 110
13503 110
6540 110
11927 110
20268 110
12228 110
15653 109
1308 109
16872 109
4140 109
15567 108
7672 108
14196 108
16784 107
4150 107
16312 107
3669 107
13549 107
11505 107
14908 106
3591 106
2008 106
13851 106
152 106
14002 105
21023 105
14971 105
336 105
16243 104
1727 104
3981 104
1898 104
14714 104
3662 103
19375 103
16061 103
7518 103
378 103
14461 102
17691 102
15978 102
12518 102
4545 102
7212 101
17228 101
10204 101
7377 100
13667 100
11557 100
10706 100
1274 99
12026 99
15836 99
13010 98
19626 98
21082 98
20733 98
5885 98
18541 97
15669 97
10997 97
21155 96
1511 96
2051 96
6765 95
4481 95
17220 94
10886 94
14930 94
9683 94
6235 94
11185 93
11196 93
19174 93
17320 93
6816 93
19041 93
1639 93
12080 92
10890 92
2687 92
20901 92
18894 91
8637 91
10754 91
957 91
8738 91
12502 91
12257 91
18577 90
356 90
18521 90
5767 90
9298 90
1702 90
7104 90
10562 89
787 89
16957 89
14738 89
8194 89
18782 88
8337 88
11470 88
18968 88
7255 88
5323 88
17813 88
10940 87
4088 87
17154 87
10537 87
16866 87
14205 87
15111 86
4682 86
4229 86
5861 86
20507 86
18487 86
8913 86
9070 86
18250 85
21163 85
19520 85
1910 85
13680 85
14309 85
5470 85
16086 85
11221 84
19890 84
3199 84
5884 84
18054 84
2625 84
21035 84
17296 83
4493 83
7427 83
15293 83
11702 83
2402 83
17514 83
16367 83
12241 83
15828 83
18005 82
15899 82
6724 82
6916 82
18425 82
4294 82
6013 81
3069 81
16534 81
6919 81
12052 81
8794 81
10463 81
11298 81
5687 80
16075 80
19786 80
11277 80
18415 80
2948 80
2508 80
15682 80
19113 80
11727 80
20795 80
17441 79
14383 79
5918 79
2881 79
4767 79
5112 79
10589 78
10259 78
5330 78
9418 77
15629 77
3722 77
18485 77
19024 77
17863 77
4939 76
17363 76
2253 76
8331 76
20982 76
16010 76
685 75
11352 75
12561 75
19629 75
13124 74
15210 74
17389 74
6610 74
10511 74
15449 74
21209 73
19090 73
8231 73
13758 73
3652 73
12508 73
9596 73
20426 73
9463 73
4517 73
11230 72
3568 72
1625 72
5475 72
6003 72
2411 72
10293 72
13333 71
12057 71
16284 71
15260 71
19896 71
9167 71
11476 71
11860 71
18574 71
15681 71
11910 71
2997 70
17473 70
16074 70
19741 70
16710 70
8456 70
12797 70
12936 70
6736 70
4720 70
1424 70
4797 70
1815 70
2822 70
19759 69
8601 69
5424 69
19133 69
14464 69
6148 69
16228 69
8640 69
3251 69
14673 69
4875 68
3940 68
12141 68
3596 68
20730 68
10121 68
9308 68
3027 68
2912 67
10865 67
8772 67
19794 67
3620 67
1942 67
8883 67
5844 67
4925 67
20119 67
15163 67
20238 66
15004 66
19766 66
20401 66
10240 66
4125 65
17956 65
4096 65
9327 65
13706 65
20955 64
3621 64
10450 63
6365 63
7270 63
21117 63
13717 63
10951 63
20464 63
19354 63
15100 63
16614 63
18780 63
9552 62
2525 62
9770 62
9422 62
19474 62
10504 62
15997 62
17040 62
20519 62
1719 62
12394 62
17634 62
14632 61
12076 61
20884 61
13669 61
11498 61
9178 61
16653 61
15758 61
9968 60
1571 60
4112 60
14397 60
2083 60
9067 60
12983 60
1368 60
8608 60
7248 60
781 60
7941 60
13470 59
13085 59
16541 59
17456 59
10696 59
12505 59
12253 59
14059 59
234 59
12622 59
6634 59
5665 58
16574 58
11945 58
20158 58
19457 58
16961 58
5188 58
16225 58
11061 57
9581 57
16585 57
21086 57
13266 57
16073 57
8316 57
19654 57
16150 57
10532 57
3576 57
11407 57
19707 57
12294 56
2656 56
5013 56
15782 56
16032 56
15994 56
6519 56
16294 56
10393 55
2066 55
8363 55
7707 55
17005 55
20124 55
8397 55
15138 55
1354 54
12750 54
15074 54
1660 54
1598 54
2772 54
10355 54
13634 54
13034 54
11773 54
7344 54
14250 54
9772 54
4271 54
7118 53
192 53
4200 53
15491 53
8789 53
21046 53
2668 53
890 53
10868 53
7571 53
2238 53
1893 52
4685 52
3281 52
8893 52
3500 52
20393 52
17405 52
14985 52
8415 52
4613 52
13087 52
1366 52
3875 52
8289 51
440 51
16951 51
832 51
9825 51
7802 51
9657 51
12474 51
16263 51
11300 51
3167 50
585 50
14471 50
14868 50
11645 50
10100 50
7735 50
3660 50
10686 50
18448 50
20350 50
5312 50
13573 50
18562 50
6596 49
16655 49
14146 49
11882 49
13956 49
18597 49
18498 49
14270 49
3893 49
270 49
7139 49
755 48
10943 48
13395 48
4725 48
11415 48
16773 48
17274 47
15944 47
14576 47
5076 47
7640 47
4264 47
17204 47
19465 47
6911 47
19599 47
12111 47
10815 47
6608 47
3182 47
11865 47
14063 46
18811 46
14977 46
13616 46
4288 46
11784 46
16535 46
1309 46
10872 46
16109 46
17638 46
17114 46
9215 46
15227 45
3533 45
5871 45
14621 45
7679 45
19337 45
19552 45
7805 45
6156 45
5779 45
2664 45
9027 44
1531 44
11770 44
14488 44
8663 44
6666 44
9423 43
6186 43
8949 43
13994 43
1426 43
980 43
17513 43
10339 43
5155 43
18693 42
17820 42
7726 42
4119 42
14537 42
13324 42
18212 42
16394 42
4060 42
20755 42
422 42
4015 41
16643 41
6033 41
16889 41
20235 41
3105 41
16456 41
9674 41
9590 41
19803 41
5480 41
20478 41
15198 41
3024 40
19167 40
18080 40
15595 40
9396 40
6023 40
9799 40
16509 40
6741 39
9810 39
13938 39
16664 39
14840 39
9253 39
1169 39
263 39
3895 39
7665 39
1705 39
9865 39
14530 39
19955 39
11292 39
9427 39
17392 39
4830 39
10922 39
13152 38
19554 38
18127 38
123 38
5269 38
7035 38
13425 38
18551 38
16068 38
21168 38
13173 38
11340 38
13931 38
4757 38
13278 38
5477 38
2297 38
772 38
17305 38
2213 38
13262 37
7786 37
16853 37
277 37
9322 37
5949 37
18194 37
6803 37
20759 37
17252 37
10051 37
16328 37
14864 37
15744 37
15493 37
774 37
5745 37
19233 37
17057 37
17444 37
20717 37
17064 37
1202 37
7545 37
8324 37
10531 37
7012 37
15116 36
10376 36
20907 36
9998 36
18740 36
17237 36
15042 36
16709 36
16407 36
10563 36
19026 36
13231 36
10957 36
7268 35
5510 35
13460 35
289 35
6778 35
17972 35
19138 35
2108 35
17591 35
944 35
18572 35
14913 35
13682 35
7356 35
17271 35
715 35
1188 34
6756 34
8554 34
17453 34
16876 34
13406 34
8950 34
13918 34
15362 34
20972 33
19852 33
13298 33
18677 33
20992 33
2812 33
6286 33
8051 33
2924 33
13565 33
18004 33
18332 33
3137 33
4081 33
19206 33
15862 33
2686 33
18837 33
8458 33
17756 33
20067 33
21182 32
18389 32
20627 32
13194 32
9876 32
5276 32
8624 32
17878 32
4555 32
11334 32
4903 32
2578 32
5003 32
354 32
18652 32
15537 32
7217 32
7070 32
4972 32
10337 32
21120 32
7516 31
13358 31
130 31
17198 31
14051 31
15851 31
19705 31
18932 31
20503 31
9269 31
10459 31
6635 31
15903 31
9909 31
7444 31
21025 31
18333 31
8529 31
4122 31
2632 31
20923 31
6507 31
19291 31
3889 31
5517 30
7388 30
11774 30
5092 30
0 30
1539 30
15900 30
15182 30
13396 30
4815 30
9119 30
8370 30
4873 30
5296 30
7677 30
5175 30
14501 30
6134 30
6128 30
14764 30
2863 30
200 30
11684 29
17559 29
16262 29
18131 29
10387 29
9689 29
18202 29
16285 29
15541 29
4473 29
17632 29
14403 29
18580 29
19961 29
4531 29
13597 29
2543 29
20137 29
9022 29
19493 29
20513 29
16127 29
11964 29
12448 29
6456 29
14778 29
8081 28
8120 28
20518 28
4263 28
14236 28
13817 28
6393 28
20953 28
15511 28
7552 28
4376 28
19283 28
5850 28
20456 28
12087 28
12844 28
2104 28
327 28
13803 28
10689 27
16057 27
9763 27
15105 27
19180 27
734 27
12054 27
19066 27
6772 27
11586 27
11755 27
10078 27
6913 27
18872 27
2996 27
13321 27
11919 27
20692 27
538 27
7080 27
8005 27
7549 26
8533 26
19920 26
12157 26
2503 26
5444 26
17070 26
7244 26
16720 26
1944 26
9688 26
3840 26
15340 26
15878 26
19643 26
9833 26
10492 26
6417 26
19742 26
14303 26
3665 26
68 25
17215 25
3748 25
5348 25
4057 25
7391 25
4121 25
19527 25
11715 25
17023 25
16305 25
17783 25
5028 25
2762 25
9780 25
8884 25
16163 25
4563 25
6072 25
20970 25
20347 25
11489 25
5082 25
2087 24
6835 24
17388 24
15352 24
10243 24
6677 24
12562 24
7912 24
20024 24
18475 24
12360 24
18262 24
12184 24
11555 24
11253 24
11457 24
14291 24
14848 24
16839 24
18391 24
2396 24
3244 24
2012 24
15495 24
20059 24
14644 23
3288 23
13265 23
1584 23
8853 23
13906 23
4432 23
4022 23
19632 23
477 23
17798 23
10936 23
15172 23
16308 23
10179 23
2413 23
19329 23
13420 23
20909 23
4938 23
8696 23
11421 23
10461 23
2640 23
20192 23
17253 23
18996 23
18695 22
17090 22
2978 22
19624 22
19282 22
13116 22
7646 22
14592 22
11842 22
11350 22
5314 22
16800 22
5743 22
1208 22
1097 22
10645 22
16864 22
10847 22
11 22
1885 22
11439 22
1020 22
15557 22
4415 22
10163 22
19863 22
3110 22
11461 22
12520 22
20400 22
13957 21
9065 21
19209 21
19220 21
7762 21
10866 21
9202 21
16 21
6291 21
16015 21
3906 21
11640 21
19019 21
18437 21
13198 21
15402 21
4166 21
2369 21
595 21
16469 21
7495 21
839 21
3341 21
7142 21
20528 21
2095 21
15893 21
3778 21
2569 21
19013 20
19431 20
21122 20
7 20
10374 20
10933 20
19443 20
3538 20
20572 20
19962 20
14094 20
12766 20
1517 20
9344 20
8107 20
2200 20
8936 20
7573 20
14545 20
18986 20
13907 20
2445 20
2715 20
14271 20
10638 20
17629 20
16275 19
17731 19
17807 19
15283 19
11183 19
18045 19
14752 19
18924 19
11101 19
18570 19
17685 19
20522 19
18675 19
10197 19
10410 19
10975 19
12378 19
8498 19
11531 19
8269 19
13300 19
16703 19
8347 19
2321 19
257 19
9635 19
6829 19
99 19
12727 19
4648 19
6491 19
12596 19
14955 19
18114 19
15773 18
14873 18
2554 18
8575 18
3119 18
8771 18
19548 18
2738 18
21060 18
15214 18
17510 18
8048 18
3641 18
9577 18
7508 18
10362 18
8707 18
17850 18
1811 18
11825 18
16769 18
12734 18
20580 18
9592 18
14744 18
18378 18
8819 18
18443 18
17010 18
15666 18
20441 18
8926 18
9171 18
1567 18
15199 18
11556 18
20833 18
3383 18
12162 18
3296 18
10012 17
19423 17
6815 17
7009 17
9948 17
5440 17
21172 17
20537 17
17744 17
16331 17
18319 17
3752 17
13916 17
2409 17
19696 17
7053 17
3213 17
1642 17
6823 17
453 17
16756 17
6653 17
16955 17
2219 17
14149 17
12305 17
9861 17
20688 17
11807 17
13989 17
15271 17
5672 17
452 17
5636 17
9286 17
17572 17
13218 17
16682 17
5639 17
13035 17
14843 16
18882 16
880 16
1661 16
13742 16
20206 16
6742 16
5201 16
6497 16
2415 16
1460 16
20351 16
7974 16
9488 16
8219 16
6109 16
9443 16
2212 16
16694 16
9343 16
17391 16
9203 16
5917 16
16214 16
1716 16
11021 16
1475 16
7214 16
12957 16
12454 16
10019 16
7666 16
2171 16
6081 16
12036 16
12566 16
10894 16
19189 15
13560 15
9485 15
17068 15
10126 15
14340 15
4931 15
17168 15
19695 15
14278 15
6707 15
17602 15
18230 15
1840 15
1869 15
8423 15
11588 15
19286 15
5940 15
18098 15
16166 15
938 15
12430 15
4032 15
18088 15
17194 15
8900 15
514 15
19237 15
21042 15
2036 15
3854 15
2970 15
6752 15
10359 15
807 15
9987 15
18954 15
9504 15
11266 15
8208 15
7253 15
3823 15
16481 15
4095 15
14519 15
4234 14
12049 14
261 14
9170 14
16250 14
14589 14
1947 14
4956 14
9992 14
17992 14
19734 14
4772 14
20932 14
2535 14
20777 14
17794 14
5818 14
21171 14
19817 14
8756 14
4752 14
19910 14
15232 14
20226 14
13193 14
4804 14
13393 14
15166 14
21152 14
3640 14
18137 14
1841 14
7908 14
16763 14
12514 14
8726 14
13062 14
15153 14
1725 14
18658 14
10557 14
1357 14
10299 14
20152 14
18205 14
9890 14
5543 14
14497 14
13044 14
5523 14
3937 14
5359 13
10565 13
13947 13
15951 13
8908 13
6116 13
4764 13
728 13
17190 13
1751 13
9698 13
2403 13
7748 13
14285 13
12755 13
5365 13
20097 13
20721 13
1747 13
3991 13
1330 13
18361 13
8116 13
17130 13
5340 13
13728 13
16568 13
10447 13
5625 13
18829 13
10149 13
5507 13
20549 13
8227 13
13761 13
15097 13
2086 13
10899 13
20317 13
3456 13
12900 13
6142 13
4308 13
6603 13
9329 13
346 13
19792 13
8856 13
19144 12
11119 12
9135 12
814 12
18976 12
16337 12
17280 12
19749 12
18772 12
6113 12
15956 12
12903 12
4879 12
20614 12
20719 12
7133 12
19655 12
4303 12
11902 12
5264 12
2127 12
10105 12
12175 12
19706 12
19859 12
12358 12
20935 12
12011 12
20946 12
15257 12
9307 12
11801 12
568 12
5086 12
5342 12
12521 12
19242 12
6205 12
19873 12
4811 12
12587 12
15305 12
4664 12
19732 12
10142 12
8993 12
16377 12
11647 12
20735 12
3152 12
12369 12
504 12
17900 12
11978 12
933 12
11391 12
15139 12
6849 12
15789 12
1611 11
15282 11
16849 11
6315 11
12116 11
4349 11
13416 11
989 11
3615 11
19964 11
18845 11
143 11
15516 11
19998 11
838 11
7448 11
12063 11
16875 11
20650 11
13610 11
4917 11
6173 11
8148 11
6974 11
5135 11
12455 11
7982 11
7190 11
13429 11
2803 11
10982 11
9498 11
16745 11
10600 11
3676 11
462 11
16949 11
7461 11
4169 11
11646 11
629 11
3776 11
9619 11
18079 11
10845 11
14801 11
17949 11
3683 11
8906 11
9882 11
17618 11
2836 11
11374 11
10559 11
1474 11
14773 11
15896 11
10921 11
745 11
12269 11
19841 11
2293 11
20256 11
15312 11
12592 11
3073 11
7563 10
21085 10
8381 10
3483 10
14356 10
10325 10
19755 10
4253 10
15313 10
2663 10
20111 10
19773 10
13028 10
2998 10
12431 10
4968 10
149 10
3837 10
1082 10
5953 10
5208 10
11092 10
19560 10
6047 10
15217 10
9556 10
15695 10
20333 10
19994 10
9444 10
4881 10
19460 10
16310 10
7336 10
3274 10
20200 10
3785 10
18126 10
7579 10
311 10
11330 10
17775 10
16211 10
18973 10
10821 10
5050 10
15036 10
10074 10
5116 10
11001 10
19112 10
11946 10
3631 10
4497 10
3162 10
15220 10
11802 10
19810 10
11516 10
10312 10
18122 10
7709 10
10820 10
10831 10
3208 9
17719 9
10794 9
15269 9
11920 9
810 9
13404 9
11791 9
13659 9
4866 9
15635 9
1708 9
4024 9
11895 9
3178 9
13890 9
14770 9
4680 9
15110 9
15236 9
5047 9
8271 9
14651 9
14685 9
4659 9
19455 9
13509 9
15897 9
18913 9
20431 9
19221 9
381 9
6676 9
2528 9
15958 9
1825 9
2821 9
14691 9
15752 9
19758 9
3302 9
7918 9
4113 9
3391 9
12268 9
990 9
12701 9
892 9
6571 9
7827 9
10839 9
12287 9
20863 9
15505 9
18301 9
17976 9
12503 9
8495 9
5117 9
1958 9
16790 9
21009 9
3918 9
9613 9
694 9
16553 9
17870 9
10318 9
3624 9
18723 9
6376 8
7660 8
486 8
5356 8
16196 8
3415 8
8965 8
16792 8
3426 8
12718 8
11341 8
12312 8
11414 8
14931 8
6435 8
4853 8
4103 8
883 8
17684 8
19305 8
4451 8
5243 8
14308 8
812 8
9389 8
6824 8
10880 8
3740 8
16261 8
20570 8
12053 8
7833 8
8730 8
13618 8
2006 8
15476 8
18713 8
2130 8
604 8
16123 8
13451 8
4354 8
8322 8
9354 8
4382 8
12553 8
7081 8
20038 8
11814 8
5782 8
3963 8
19023 8
16901 8
16378 8
12682 8
19607 8
11944 8
9548 8
13546 8
19 8
19540 8
17523 8
6212 8
19310 8
10613 8
5490 8
11899 8
18035 8
206 8
4076 8
16151 8
15005 8
7313 8
20144 8
5565 8
21188 8
14579 8
17178 8
19178 8
14357 8
19997 8
2450 8
8147 8
1504 8
21166 8
12317 8
20415 8
2979 8
2218 8
1587 8
9595 8
14765 8
16702 8
19729 8
15710 8
7988 8
16621 8
18880 7
10333 7
13238 7
2045 7
4665 7
9155 7
3008 7
16128 7
17315 7
14731 7
6712 7
11202 7
16096 7
19690 7
3125 7
15863 7
17594 7
3861 7
17009 7
17809 7
11000 7
17767 7
10714 7
9718 7
19771 7
7387 7
16317 7
4932 7
16177 7
7331 7
404 7
21048 7
3358 7
16692 7
16231 7
18764 7
10007 7
14727 7
1479 7
19481 7
1521 7
5202 7
5185 7
17127 7
966 7
8205 7
4460 7
1580 7
39 7
11211 7
9207 7
10414 7
10004 7
17434 7
6380 7
4819 7
18537 7
9004 7
7757 7
16783 7
14817 7
6905 7
10382 7
52 7
19882 7
9470 7
4538 7
10756 7
9870 7
16335 7
8389 7
13316 7
6926 7
4923 7
8210 7
17933 7
20171 7
228 7
5341 7
18506 7
8903 7
454 7
9468 7
21213 7
6595 7
8390 7
10435 7
20933 7
4027 7
5573 7
15002 7
5592 7
10634 7
9241 7
10636 7
16495 7
16445 7
7264 6
4713 6
12924 6
5859 6
19835 6
14213 6
18833 6
10856 6
17955 6
3029 6
6943 6
20788 6
1569 6
15174 6
17469 6
2850 6
16208 6
17770 6
3353 6
16162 6
1687 6
19503 6
11943 6
5287 6
11838 6
4735 6
9319 6
3658 6
16791 6
19238 6
20212 6
18979 6
18246 6
15092 6
15464 6
20694 6
6927 6
2153 6
16818 6
1636 6
11339 6
9297 6
20811 6
19139 6
10495 6
3331 6
4153 6
1852 6
3094 6
14988 6
21028 6
17408 6
1775 6
765 6
13762 6
13175 6
14833 6
11269 6
1564 6
12108 6
13935 6
7365 6
836 6
15802 6
19288 6
11144 6
7527 6
5317 6
19692 6
11220 6
14294 6
21106 6
20677 6
21211 6
3384 6
14246 6
1006 6
4391 6
2545 6
860 6
13106 6
14206 6
7897 6
9457 6
19152 6
13695 6
2251 6
7097 6
8267 6
4860 6
8720 6
15766 6
19661 6
12839 6
13370 6
17079 6
9538 6
5246 6
12645 6
18703 6
20028 6
14745 6
15623 6
922 6
20164 6
8834 6
2556 6
18898 6
3757 6
4352 6
8962 6
7673 6
1551 6
14698 6
11303 6
7929 6
9182 6
2825 6
71 6
3842 6
16616 6
14912 6
21109 6
13596 6
10190 6
18805 6
7894 6
17742 6
13681 5
8053 5
14711 5
4973 5
4427 5
731 5
8943 5
10129 5
13008 5
10437 5
13458 5
16622 5
11995 5
20194 5
12214 5
13780 5
17884 5
5881 5
1877 5
13594 5
10809 5
8881 5
6649 5
541 5
19232 5
11134 5
9192 5
8760 5
8515 5
3006 5
5254 5
11843 5
10521 5
6202 5
7307 5
8807 5
7831 5
4046 5
19182 5
13029 5
21006 5
14571 5
9130 5
20272 5
18859 5
9569 5
14916 5
2616 5
9897 5
15663 5
14405 5
13979 5
8481 5
15154 5
11336 5
15714 5
8361 5
9997 5
14577 5
7407 5
911 5
5599 5
14099 5
8988 5
6811 5
9540 5
8114 5
11314 5
8083 5
6446 5
13016 5
20621 5
9368 5
2677 5
4557 5
7688 5
9030 5
17846 5
5976 5
2115 5
5125 5
2867 5
7558 5
19958 5
20910 5
8228 5
4400 5
8933 5
10823 5
6766 5
2295 5
15924 5
14739 5
15479 5
4274 5
3645 5
5374 5
6400 5
641 5
2792 5
16750 5
3802 5
6302 5
7979 5
9445 5
15064 5
4010 5
17485 5
14547 5
11799 5
15806 5
6406 5
10222 5
11296 5
13934 5
15192 5
12425 5
2306 5
2742 5
10467 5
6689 4
7796 4
14327 4
9946 4
8799 4
16612 4
9970 4
12527 4
3390 4
14174 4
941 4
19484 4
18040 4
478 4
13386 4
6779 4
18082 4
213 4
15142 4
6118 4
18795 4
20218 4
2446 4
13718 4
1922 4
4329 4
981 4
13704 4
9390 4
5204 4
9325 4
15275 4
16244 4
9448 4
15985 4
17149 4
19072 4
16749 4
17134 4
9275 4
14036 4
1635 4
16307 4
12006 4
2824 4
14759 4
6270 4
4653 4
13905 4
11410 4
15218 4
7585 4
19604 4
20328 4
7435 4
11884 4
642 4
15837 4
2320 4
12563 4
20965 4
14834 4
17617 4
11984 4
837 4
15248 4
10655 4
2843 4
20646 4
11655 4
3529 4
19568 4
18216 4
18752 4
21174 4
18225 4
1501 4
15420 4
19444 4
6695 4
6395 4
8618 4
18993 4
11441 4
14615 4
15767 4
17524 4
6553 4
12154 4
12981 4
16545 4
13963 4
16139 4
3297 4
13849 4
9347 4
15311 4
17966 4
11007 4
10379 4
18214 4
19449 4
21088 4
19018 4
21222 4
7543 4
3498 4
2705 4
17445 4
747 4
18375 4
18664 4
18949 4
15725 4
11237 4
127 4
12126 4
11708 4
2166 4
15739 4
11371 4
1117 4
11824 4
12348 4
3286 4
5862 4
1002 4
20011 4
13033 4
18136 4
4857 4
9739 4
5313 4
13247 4
17708 4
1100 4
4181 4
11595 4
8042 4
475 4
12878 4
17336 4
1218 4
12449 4
14634 4
6119 4
7025 4
5875 4
20964 4
17414 4
8374 4
15948 4
467 4
17517 4
5931 4
10139 4
601 4
17593 4
7114 4
18583 4
15455 4
15771 4
1086 4
9428 4
14198 4
9927 4
11062 4
5532 4
5994 4
2960 4
10668 4
2893 4
14883 3
1164 3
12908 3
17822 3
15469 3
2722 3
4322 3
6830 3
16795 3
6155 3
6069 3
4990 3
3301 3
18099 3
3197 3
16033 3
19430 3
2595 3
14071 3
9477 3
18611 3
12644 3
15693 3
12815 3
16657 3
12793 3
4519 3
3072 3
9245 3
14608 3
17556 3
17476 3
8882 3
4852 3
15583 3
6194 3
13545 3
7219 3
9788 3
18961 3
449 3
13814 3
1114 3
12848 3
9338 3
17278 3
4276 3
19236 3
2229 3
1183 3
12446 3
7417 3
8671 3
20774 3
19059 3
4512 3
7970 3
18530 3
7538 3
2521 3
20425 3
7678 3
1577 3
19245 3
2089 3
11787 3
3531 3
20931 3
3883 3
12363 3
3863 3
7550 3
2817 3
4344 3
3400 3
4258 3
5461 3
17857 3
11051 3
2394 3
13531 3
10707 3
14220 3
16748 3
4736 3
18586 3
13559 3
9624 3
10064 3
10540 3
12944 3
15779 3
18254 3
11874 3
865 3
12286 3
8504 3
19420 3
7598 3
15676 3
12765 3
18522 3
18486 3
3225 3
17424 3
12875 3
18655 3
4849 3
19523 3
18419 3
19115 3
13977 3
9359 3
18287 3
2196 3
557 3
19433 3
6570 3
18777 3
94 3
16921 3
14379 3
9472 3
10307 3
7178 3
7304 3
20068 3
7237 3
7152 3
19411 3
1846 3
8753 3
8692 3
19244 3
12020 3
20709 3
19887 3
16340 3
2040 3
7592 3
8683 3
7326 3
15343 3
8520 3
8536 3
11830 3
17309 3
21208 3
11104 3
146 3
6760 3
13676 3
12879 3
2938 3
8490 3
18418 3
16380 3
20601 3
3316 3
1115 3
14603 3
2488 3
13646 3
8301 3
20051 3
20589 3
6616 3
16886 3
13798 3
16478 3
11137 3
11651 3
4536 3
16135 3
1133 3
1277 3
11601 3
10685 3
5699 3
3828 3
1326 3
12965 3
2469 3
2071 3
6944 3
7811 3
4518 3
15879 3
9549 3
7386 3
19501 3
3039 3
9528 3
725 3
2154 3
18163 3
19231 3
11670 3
19438 3
8983 3
3891 3
19001 3
19268 3
19025 3
5375 3
9710 3
11070 3
17507 3
4443 3
20625 3
13772 3
7318 3
14089 3
17790 3
17407 3
798 3
6441 3
12048 2
2511 2
14080 2
3554 2
10956 2
17979 2
18667 2
17969 2
4058 2
2103 2
17665 2
11861 2
6145 2
7652 2
18643 2
1151 2
20004 2
8362 2
17839 2
161 2
2524 2
18912 2
4789 2
6281 2
8187 2
15917 2
14221 2
6955 2
17066 2
13846 2
17369 2
15880 2
10206 2
12038 2
11998 2
4559 2
20532 2
3335 2
16632 2
8644 2
17053 2
10371 2
15586 2
4870 2
3715 2
21105 2
20495 2
1355 2
11399 2
5534 2
2907 2
16502 2
18927 2
2062 2
15590 2
20022 2
10273 2
2879 2
18069 2
9093 2
21196 2
16266 2
18844 2
3694 2
1050 2
7522 2
1761 2
1302 2
1224 2
19967 2
4894 2
8012 2
1777 2
5495 2
3910 2
5080 2
6890 2
17877 2
18479 2
1903 2
1665 2
17167 2
6261 2
19028 2
12602 2
4958 2
5552 2
3467 2
7487 2
5345 2
2221 2
13633 2
15307 2
3099 2
3140 2
15857 2
707 2
4806 2
11090 2
6928 2
13566 2
18012 2
3255 2
14641 2
11449 2
10278 2
7250 2
20339 2
12857 2
6386 2
12481 2
19521 2
319 2
1441 2
18540 2
4002 2
15016 2
3726 2
1154 2
7830 2
2373 2
6432 2
12483 2
889 2
16589 2
16804 2
17419 2
10759 2
19191 2
13453 2
157 2
14217 2
14121 2
18295 2
3521 2
13151 2
6428 2
14857 2
13432 2
3034 2
18140 2
10185 2
17191 2
8260 2
10106 2
5194 2
3674 2
8802 2
6158 2
14072 2
13384 2
16629 2
2226 2
21083 2
8704 2
19516 2
9790 2
17702 2
3488 2
15982 2
10784 2
6627 2
15957 2
8712 2
3599 2
2895 2
20889 2
13630 2
2581 2
5730 2
20182 2
12397 2
3710 2
11867 2
19940 2
16107 2
3066 2
14490 2
20599 2
14543 2
1851 2
1259 2
6872 2
20983 2
1074 2
16095 2
14222 2
746 2
20128 2
3113 2
10934 2
10640 2
20287 2
932 2
1618 2
826 2
15722 2
7091 2
2467 2
1009 2
9316 2
16236 2
14184 2
19723 2
2724 2
19532 2
20063 2
12055 2
3603 2
9762 2
8606 2
11162 2
2654 2
7200 2
6483 2
9745 2
11957 2
5525 2
13790 2
12102 2
10811 2
10220 2
1875 2
3163 2
5186 2
8650 2
4309 2
16528 2
10614 2
21000 2
6558 2
17133 2
10852 2
742 2
20357 2
14763 2
7535 2
11760 2
18531 2
7948 2
5232 2
10510 2
19205 2
9587 2
7445 2
16197 2
15572 2
6176 2
135 2
14897 2
19693 2
20013 2
7353 2
4800 2
19809 2
7373 2
5681 2
3733 2
18081 2
20857 2
18818 2
18904 2
6431 2
8781 2
11962 2
4278 2
15112 2
10960 2
7222 2
17355 2
794 2
12971 2
3573 2
16542 2
18827 2
12860 2
2142 2
17908 2
6750 2
3451 2
12646 2
5399 2
16735 2
17737 2
7864 2
16433 2
7765 2
19448 2
366 2
4093 2
18747 2
10101 2
4178 2
3434 2
18259 2
17400 2
20913 2
18083 2
18930 2
17410 2
20147 2
18527 2
13746 2
20608 2
16488 2
6218 2
1148 2
11228 2
9169 2
6654 2
9489 2
17203 2
11584 2
9956 2
4877 2
14733 2
19593 2
4048 2
20973 2
6886 2
10651 2
8022 2
3859 2
20892 2
16193 2
1387 2
6354 2
2693 2
8011 2
10859 2
18685 2
12311 2
16404 2
3871 2
8668 2
18654 2
13225 2
1507 2
4805 2
15768 2
10932 2
4625 2
11469 2
17124 2
14561 2
17855 2
9649 2
11512 2
6793 2
8870 2
18800 2
14084 2
104 2
3449 2
7275 2
18147 2
12532 2
9197 2
3059 2
12439 2
3070 2
7498 2
10558 2
16698 2
800 2
20053 2
5106 2
15255 2
8134 2
7617 2
12350 2
7258 2
9995 2
9977 2
2597 2
14106 2
16508 2
6573 2
19797 2
1770 2
4940 2
13858 2
928 2
13154 2
4701 2
4064 2
107 2
324 2
11473 1
1669 1
11048 1
4319 1
20479 1
18892 1
15441 1
19299 1
340 1
16097 1
8961 1
7286 1
16648 1
20430 1
19153 1
19862 1
7247 1
6150 1
14470 1
6418 1
19848 1
11113 1
7807 1
11891 1
19981 1
10033 1
16582 1
7041 1
3156 1
16581 1
16427 1
373 1
20744 1
10626 1
14552 1
8101 1
19924 1
20381 1
19271 1
3091 1
3433 1
9147 1
6220 1
2648 1
2134 1
9455 1
955 1
7229 1
8153 1
17393 1
20016 1
778 1
13865 1
15490 1
17697 1
5326 1
9735 1
9198 1
2494 1
8786 1
7099 1
20838 1
7900 1
2833 1
2917 1
3739 1
5725 1
19469 1
5452 1
16382 1
7782 1
20207 1
1421 1
14660 1
18261 1
12073 1
15496 1
2787 1
10796 1
8825 1
1038 1
9116 1
3916 1
9378 1
4 1
7582 1
18686 1
8980 1
9597 1
8159 1
11913 1
13401 1
1468 1
4337 1
10781 1
6931 1
15548 1
11629 1
19273 1
5386 1
10924 1
14911 1
17139 1
4442 1
10812 1
7520 1
548 1
9484 1
13412 1
10345 1
17581 1
195 1
8359 1
5812 1
16320 1
5422 1
14344 1
424 1
8745 1
17342 1
1096 1
15784 1
16213 1
10094 1
13839 1
6690 1
20344 1
7179 1
16619 1
5183 1
4110 1
16761 1
13252 1
16607 1
952 1
6228 1
18245 1
18075 1
8796 1
9736 1
21197 1
7817 1
12388 1
205 1
11226 1
13080 1
13243 1
16887 1
13662 1
5843 1
20293 1
7410 1
9495 1
13813 1
12346 1
7808 1
10981 1
12224 1
9944 1
10779 1
5654 1
4290 1
4537 1
11233 1
3725 1
1588 1
9826 1
5211 1
2390 1
12506 1
14267 1
9863 1
13615 1
8174 1
16704 1
11871 1
4885 1
1280 1
1809 1
14168 1
7001 1
9971 1
9188 1
18753 1
13709 1
10515 1
14776 1
6362 1
9847 1
9691 1
6567 1
18256 1
2623 1
21029 1
15189 1
16780 1
15022 1
18302 1
11803 1
10420 1
18464 1
2078 1
11955 1
16090 1
19468 1
14920 1
7474 1
7059 1
19659 1
18018 1
9440 1
20104 1
20638 1
17902 1
10711 1
17293 1
2453 1
11827 1
729 1
16323 1
17376 1
5410 1
11120 1
4498 1
2356 1
1081 1
2120 1
6683 1
11409 1
9690 1
18754 1
614 1
6430 1
14160 1
1823 1
14653 1
8780 1
16006 1
4186 1
2371 1
15459 1
16143 1
13001 1
6904 1
12379 1
12719 1
4998 1
15073 1
17730 1
5766 1
16070 1
17906 1
1821 1
6101 1
17352 1
14135 1
3496 1
15039 1
6473 1
17033 1
19787 1
14396 1
914 1
1882 1
14336 1
12937 1
3789 1
9960 1
5281 1
1140 1
16280 1
1185 1
18346 1
17181 1
4835 1
13454 1
20327 1
5141 1
7260 1
328 1
15984 1
492 1
19462 1
19265 1
7712 1
12016 1
12212 1
10448 1
15792 1
16930 1
12669 1
17277 1
7066 1
2670 1
6881 1
12393 1
12515 1
12663 1
6136 1
1256 1
6510 1
15522 1
15894 1
4177 1
10590 1
3315 1
16204 1
13660 1
18951 1
11797 1
1872 1
12557 1
3246 1
4235 1
4371 1
6591 1
17604 1
8783 1
13241 1
469 1
9100 1
21070 1
9150 1
7425 1
8076 1
13064 1
2398 1
2844 1
18135 1
3042 1
8703 1
11660 1
9274 1
18745 1
17501 1
7110 1
8676 1
8335 1
15716 1
18074 1
12507 1
14299 1
1892 1
20642 1
6578 1
9980 1
8947 1
20039 1
4691 1
3261 1
5726 1
2268 1
313 1
6073 1
7134 1
18123 1
9407 1
16627 1
6394 1
493 1
12684 1
20769 1
13886 1
14332 1
2474 1
1589 1
2491 1
1205 1
16413 1
15102 1
13578 1
14075 1
10667 1
259 1
14602 1
3934 1
764 1
5352 1
21149 1
20645 1
3494 1
4503 1
20276 1
17898 1
4341 1
9914 1
9375 1
13983 1
17259 1
7749 1
10452 1
2650 1
13754 1
6865 1
8401 1
7919 1
1499 1
4821 1
13295 1
2341 1
12792 1
13052 1
405 1
2594 1
1520 1
19645 1
20443 1
12665 1
2496 1
6582 1
20729 1
9835 1
20766 1
9379 1
20157 1
10331 1
14402 1
3899 1
13715 1
13985 1
13213 1
17903 1
6257 1
6095 1
12973 1
1950 1
5621 1
7914 1
14583 1
1497 1
20695 1
9096 1
7816 1
5324 1
6787 1
11307 1
12409 1
8507 1
13987 1
3211 1
1983 1
15228 1
7029 1
4577 1
8564 1
6819 1
770 1
6421 1
1484 1
8462 1
14188 1
8909 1
5746 1
11465 1
9506 1
15835 1
19300 1
2708 1
5900 1
6087 1
10688 1
10731 1
1786 1
598 1
12790 1
20919 1
8237 1
12573 1
8069 1
9663 1
13025 1
10245 1
16918 1
17026 1
1160 1
19440 1
6334 1
10281 1
16156 1
12543 1
7367 1
20708 1
11870 1
18396 1
14927 1
5559 1
19147 1
1615 1
17891 1
20786 1
12726 1
2977 1
15962 1
5831 1
5147 1
1837 1
3949 1
2673 1
18178 1
19899 1
2723 1
15605 1
13809 1
4748 1
8136 1
9904 1
16270 1
6455 1
21072 1
21020 1
1227 1
13153 1
9296 1
9028 1
20848 1
3836 1
6236 1
19717 1
12421 1
18688 1
8508 1
19338 1
10110 1
19404 1
17701 1
10071 1
9801 1
11332 1
4687 1
9206 1
13230 1
587 1
14774 1
9672 1
89 1
16523 1
3675 1
7466 1
8497 1
17824 1
14819 1
11059 1
16117 1
3346 1
19682 1
3330 1
11451 1
4896 1
11080 1
4026 1
8565 1
4280 1
8635 1
5657 1
14802 1
18636 1
2733 1
15665 1
9341 1
347 1
12046 1
6518 1
15494 1
1393 1
15870 1
6652 1
20548 1
11283 1
16442 1
4444 1
13840 1
15285 1
1783 1
4375 1
2215 1
905 1
2286 1
12652 1
14609 1
8697 1
8561 1
16838 1
6246 1
18957 1
5200 1
20911 1
1061 1
10255 1
17603 1
5685 1
4978 1
19396 1
19943 1
4565 1
7187 1
7566 1
14029 1
9641 1
5417 1
5129 1
16315 1
14828 1
13884 1
11002 1
6547 1
13628 1
8687 1
5518 1
6464 1
5182 1
3942 1
4551 1
1296 1
7951 1
13226 1
13584 1
10157 1
6452 1
17447 1
5704 1
17522 1
18023 1
6501 1
10702 1
19485 1
10577 1
3146 1
5716 1
1099 1
2755 1
20143 1
769 1
18427 1
608 1
14832 1
10289 1
6705 1
10131 1
13192 1
18668 1
5087 1
18532 1
10227 1
9356 1
5709 1
7653 1
14117 1
18264 1
1518 1
12997 1
5310 1
4511 1
1211 1
4794 1
1261 1
17889 1
11585 1
5297 1
13944 1
11949 1
8398 1
1136 1
15939 1
3931 1
1381 1
7163 1
7624 1
10527 1
13562 1
14105 1
13376 1
10736 1
1555 1
14665 1
15966 1
54 1
2331 1
20990 1
6899 1
19345 1
9820 1
5688 1
18388 1
1667 1
7594 1
9002 1
7729 1
5606 1
2815 1
20942 1
4208 1
369 1
5140 1
18883 1
11864 1
13408 1
8545 1
18031 1
13540 1
14042 1
9542 1
1423 1
8741 1
821 1
16666 1
3432 1
8972 1
3032 1
8226 1
14011 1
11475 1
10998 1
7890 1
334 1
12342 1
11413 1
11229 1
17895 1
16114 1
8008 1
2421 1
10108 1
1034 1
13949 1
18021 1
5387 1
6503 1
10217 1
3180 1
7855 1
15475 1
9883 1
12015 1
11453 1
3407 1
4934 1
9232 1
3604 1
1724 1
7298 1
5734 1
11836 1
554 1
2067 1
7443 1
3153 1
20042 1
1298 1
17952 1
16567 1
2679 1
11907 1
3818 1
19374 1
8345 1
8966 1
18794 1
11940 1
111 1
16352 1
435 1
19333 1
20023 1
7116 1
15801 1
8318 1
16757 1
4143 1
11692 1
18043 1
15035 1
9191 1
15518 1
14151 1
18821 1
